1.003303136529598 0.0 0.0 
1.3224127449089048E-6 0.0 1.0021568146098956 
1.9617999003008964E-7 2.1986582414047993E-7 1.0022661060344968 
2.0049670390651233E-5 1.00292752866666 0.0 
1.003303136529598 0.0 0.0 
4.186543931739432E-11 2.945728284179121E-7 1.0019519893349778 
0.9103170931987955 0.29176112470083737 0.3189895723640319 
0.6308062682719896 0.7050329280668487 0.3749272059534976 
0.049203090782946955 0.9338767199072584 0.41309494291075766 
0.6441687738988598 0.10270853470351553 0.7669514094557754 
0.43519067305400033 0.9080445203180901 0.1262729249478947 
0.6797649976618776 0.022369400981410516 0.8632955368544732 
0.8151243014585084 0.49381086412302927 0.33042643224457535 
0.6983888254171055 0.13601643794614568 0.7267476445952391 
0.19388392178636124 0.5261096349897009 0.8342268974220031 
0.8631843188359727 0.5067036648227348 0.0951966015618713 
0.06396666265802241 0.9618320210191301 0.2740073257044495 
0.3796505266553421 0.6783265995341259 0.6406574861607706 
0.7379209126095353 0.5503843209093247 0.40664503045542993 
0.5246774105391722 0.1425554204154256 0.847875711100587 
0.2951510911801754 0.4196214352825586 0.8833996126501539 
0.3428954194473541 0.6342224900648888 0.6994822010070416 
0.029772181066625436 0.8462171549831241 0.5583945046739813 
0.3857565020462277 0.10481045919372264 0.9233339663264148 
0.9652613380792677 0.21365213092785038 0.18363330557119986 
0.085014863932976 1.0003967217495435 0.1426317427106752 
0.49873224134306926 0.7932597527498677 0.36062468687624705 
0.9827238218987271 0.22073210606267643 0.055572021241119894 
0.6508026256920877 0.7786780160159741 0.14417017425402207 
0.6280526094949966 0.5163734390736805 0.6122326835614896 
0.5632597400044789 0.28235287426540095 0.7864322302320405 
0.5613214151808632 0.5024570798601566 0.6684419625344938 
0.5791257737135873 0.769415307533888 0.3104443451336011 
0.6052583690996723 0.7989657977700529 0.046108177909574485 
0.8825151091887 0.19217974325436674 0.4534584106561262 
0.6598771637673576 0.3939842510247308 0.6459247171202975 
0.17526458890471716 0.9028963292462237 0.4062824136342295 
0.9551051127824756 0.3314079976559249 0.0747741467138112 
0.35090080346412517 0.9521794892901232 0.012189546620145465 
0.2137612897792019 0.5800474485170781 0.8009509209183275 
0.10329830470908802 0.23394518359679506 0.9705508120398545 
0.8984433239196676 0.3543176003358867 0.2834354753213957 
0.7150219784531309 0.05833576792090155 0.699065010354558 
0.12883122846041392 0.9725133339943755 0.23568259077226839 
0.585690905736254 0.6802288317854734 0.46572012909424454 
0.21676968103874708 0.371507887612037 0.9099824365353248 
0.1533649510473494 0.33957632874213495 0.943535767569556 
0.3068620104665241 0.3325511325840468 0.901205200513704 
0.358569621481123 0.8120717582527228 0.48137826654366683 
0.5792146521114468 0.27868908255888797 0.80229133590837 
0.9344366419025838 0.32504828210852516 0.21523075336071992 
0.2846079314338388 0.6481173570145057 0.7121497549993202 
0.8012622273547223 0.037639065808662206 0.606392997927368 
0.4433729351274473 0.9016466182911247 0.16484802043047617 
0.47962835586673747 0.7321262591846169 0.5033806558826529 
0.9298202299417199 0.23306775718701808 0.3392307765179333 
0.3340205663178322 0.9016981875427054 0.2891094240971741 
0.7055177056809973 0.5262161251909245 0.5177716550330829 
0.3635597105688628 0.597269203769613 0.7187700938517314 
0.7717233609015844 0.041039069588505464 0.655067485004316 
0.42049963601229656 0.6908121980664443 0.5927084865598992 
0.3159263296159418 0.6456952667378675 0.7280718854051393 
0.24271245896732782 0.0920089642356904 0.9714885445983438 
0.8944578608180388 0.4483770629678716 0.09516148834742229 
0.3019084101823497 0.5027142215424238 0.8232025028839143 
0.4738308152609322 0.18327492679275076 0.8782100481491457 
0.32636118675810855 0.7397437851088986 0.6008457702420905 
0.7593818392663001 0.050445922264971646 0.6743977344667075 
0.8473689558840811 0.08639755003416633 0.5356688936384598 
0.24413078836868238 0.46749957854913265 0.8520224082780938 
0.7794479480847706 0.4752248707735667 0.42587554036317277 
0.1533649510473494 0.33957632874213495 0.943535767569556 
0.7955264109187521 0.6108529396337583 0.03987808540028357 
0.8268058917905688 0.1850377034978091 0.5418282745998158 
0.06480719535588535 0.9726668243545324 0.234082602737381 
0.7121096985759433 0.24709201757792928 0.6768854923121875 
0.2846079314338388 0.6481173570145057 0.7121497549993202 
0.06198860854055057 0.7918541075444545 0.6231404833242019 
0.009150504225506293 0.8858000039831472 0.4933224109803107 
0.7446851669915008 0.727822205983168 0.06394194278450568 
0.520524477170273 0.04019605785745433 0.856900653864522 
0.40230876329443466 0.7676899127011715 0.5121161222178471 
0.607871129378347 0.024856915053420123 0.7965802529213343 
0.14156191189996076 0.7357468588734712 0.6647916993967922 
0.959099310757411 0.21208439710401975 0.20542834393504833 
0.7478667489667992 0.16798025943315373 0.6632776760728377 
0.42049963601229656 0.6908121980664443 0.5927084865598992 
0.36687790247634744 0.21995712216456476 0.9109005145812138 
0.6359996401446583 0.819576226468787 0.028898383219016038 
0.11750478449511585 0.26024445731156076 0.9625919665889304 
0.3579138792479816 0.9487933967852767 0.030610315992972228 
0.9344366419025838 0.32504828210852516 0.21523075336071992 
0.397957635417068 0.7542068327037554 0.5746277926321712 
0.4951884600048159 0.8725302645785645 0.07040722433749178 
0.9565513796559417 0.2634117457653749 0.19369348747100407 
0.8271329971522577 0.22237819943437395 0.5267521386051877 
0.7955264109187521 0.6108529396337583 0.03987808540028357 
0.5217735576867903 0.8586834767277639 0.07051431794307673 
0.7150219784531309 0.05833576792090155 0.699065010354558 
0.24271245896732782 0.0920089642356904 0.9714885445983438 
